#pragma once
// ----------------################ Forcefield Non-bonded ################---------------- //

// ---------------- Atoms {particle id [simulation specific]	atomtype_id [simulation specific]} ---------------- //
# atoms
1;0
2;1
3;1
4;1
5;2
6;3
7;4
8;5
9;6
10;4
11;1
12;1
13;7
14;4
15;8
16;9
17;1
18;4
19;10
20;0
21;1
22;2
23;3
24;4
25;5
26;6
27;4
28;10
29;0
30;1
31;1
32;4
33;10
34;0
35;1
36;2
37;3
38;4
39;1
40;4
41;1
42;1
43;1
44;4
45;1
46;1
47;11
48;1
49;1
50;1
51;4
52;10
53;0
54;1
55;2
56;3
57;4
58;5
59;6
60;4
61;11
62;1
63;12
64;8
65;4
66;1
67;11
68;1
69;13
70;9
71;4
72;10
73;0
74;1
75;2
76;3
77;4
78;5
79;6
80;4
81;1
82;1
83;11
84;10
85;10
86;4
87;10
88;0
89;1
90;2
91;3
92;4
93;5
94;6
95;4
96;1
97;1
98;7
99;4
100;8
101;9
102;1
103;4
104;10
105;0
106;1
107;2
108;3
109;4
110;5
111;6
112;4
113;1
114;11
115;1
116;1
117;1
118;11
119;1
120;1
121;1
122;4
123;10
124;0
125;1
126;2
127;3
128;4
129;5
130;6
131;4
132;1
133;1
134;11
135;1
136;1
137;0
138;1
139;4
140;14
141;1
142;1
143;15
144;1
145;1
146;4
147;10
148;0
149;1
150;2
151;3
152;4
153;1
154;4
155;1
156;1
157;1
158;4
159;1
160;1
161;11
162;1
163;1
164;1
165;4
166;10
167;0
168;1
169;2
170;3
171;4
172;5
173;6
174;4
175;10
176;10
177;4
178;10
179;0
180;1
181;2
182;3
183;4
184;5
185;6
186;4
187;1
188;1
189;11
190;10
191;10
192;4
193;10
194;0
195;1
196;2
197;16
198;17
199;4
200;10
201;0
202;1
203;2
204;3
205;4
206;5
207;6
208;4
209;1
210;11
211;1
212;1
213;1
214;11
215;1
216;1
217;1
218;4
219;10
220;0
221;1
222;2
223;3
224;4
225;5
226;6
227;4
228;1
229;1
230;11
231;1
232;1
233;0
234;1
235;4
236;14
237;1
238;1
239;15
240;1
241;1
242;4
243;10
244;0
245;1
246;2
247;3
248;4
249;5
250;6
251;4
252;1
253;11
254;1
255;1
256;1
257;11
258;1
259;1
260;1
261;4
262;10
263;0
264;1
265;2
266;3
267;4
268;5
269;6
270;4
271;1
272;1
273;11
274;1
275;1
276;4
277;8
278;9
279;0
280;1
281;1
282;1
283;4
284;10
285;0
286;1
287;2
288;3
289;4
290;1
291;4
292;1
293;1
294;1
295;4
296;1
297;1
298;11
299;1
300;1
301;1
302;4
303;10
304;0
305;1
306;2
307;3
308;4
309;5
310;6
311;4
312;11
313;1
314;12
315;8
316;4
317;10
318;1
319;11
320;1
321;13
322;9
323;4
324;10
325;0
326;1
327;2
328;3
329;4
330;5
331;6
332;4
333;1
334;1
335;11
336;1
337;1
338;4
339;8
340;9
341;0
342;1
343;1
344;1
345;4
346;10
347;0
348;1
349;2
350;3
351;4
352;5
353;6
354;4
355;10
356;10
357;4
358;10
359;0
360;1
361;2
362;3
363;4
364;1
365;10
366;1
367;4
368;1
369;1
370;1
371;4
372;10
373;0
374;1
375;2
376;3
377;4
378;5
379;6
380;4
381;1
382;1
383;11
384;10
385;10
386;4
387;10
388;0
389;1
390;2
391;16
392;17
393;4
394;10
395;0
396;1
397;2
398;3
399;4
400;5
401;6
402;4
403;11
404;1
405;12
406;8
407;4
408;10
409;1
410;11
411;1
412;13
413;9
414;4
415;10
416;0
417;1
418;2
419;3
420;4
421;5
422;6
423;4
424;11
425;1
426;12
427;8
428;4
429;10
430;1
431;11
432;1
433;13
434;9
435;4
436;10
437;0
438;1
439;2
440;3
441;4
442;1
443;10
444;1
445;4
446;1
447;1
448;1
449;4
450;10
451;0
452;1
453;2
454;3
455;4
456;1
457;4
458;1
459;1
460;1
461;4
462;1
463;1
464;11
465;1
466;1
467;1
468;4
469;10
470;0
471;1
472;2
473;16
474;17
475;4
476;10
477;0
478;1
479;2
480;3
481;4
482;1
483;4
484;1
485;1
486;1
487;4
488;1
489;1
490;11
491;1
492;1
493;1
494;4
495;10
496;0
497;1
498;2
499;16
500;17
501;4
502;10
503;0
504;1
505;2
506;3
507;4
508;5
509;6
510;0
511;1
512;4
513;12
514;8
515;0
516;11
517;1
518;4
519;10
520;0
521;1
522;2
523;3
524;4
525;5
526;6
527;4
528;1
529;11
530;1
531;1
532;1
533;11
534;1
535;1
536;1
537;4
538;10
539;0
540;1
541;2
542;3
543;4
544;5
545;6
546;4
547;1
548;11
549;1
550;1
551;1
552;11
553;1
554;1
555;1
556;4
557;10
558;0
559;1
560;2
561;3
562;4
563;1
564;10
565;1
566;4
567;1
568;1
569;1
570;4
571;10
572;0
573;1
574;2
575;3
576;4
577;5
578;6
579;4
580;1
581;1
582;11
583;1
584;1
585;4
586;8
587;9
588;0
589;1
590;1
591;1
592;4
593;10
594;0
595;1
596;2
597;3
598;4
599;5
600;6
601;10
602;1
603;4
604;10
605;0
606;11
607;1
608;1
609;2
610;3
611;4
612;5
613;6
614;4
615;1
616;1
617;4
618;10
619;0
620;1
621;2
622;3
623;4
624;5
625;6
626;10
627;1
628;4
629;10
630;0
631;1
632;2
633;3
634;4
635;5
636;6
637;4
638;1
639;11
640;1
641;1
642;1
643;11
644;1
645;1
646;1
647;4
648;10
649;0
650;1
651;2
652;3
653;4
654;5
655;6
656;4
657;10
658;0
659;1
660;1
661;4
662;10
663;0
664;1
665;2
666;3
667;4
668;5
669;6
670;1
671;4
672;10
673;0
674;1
675;2
676;3
677;4
678;5
679;6
680;1
681;4
682;10
683;0
684;1
685;2
686;3
687;4
688;5
689;6
690;4
691;1
692;1
693;11
694;1
695;1
696;4
697;8
698;9
699;0
700;1
701;1
702;1
703;4
704;10
705;0
706;1
707;2
708;3
709;4
710;5
711;6
712;10
713;1
714;4
715;10
716;0
717;1
718;2
719;3
720;4
721;5
722;6
723;4
724;1
725;1
726;11
727;10
728;10
729;4
730;10
731;0
732;1
733;2
734;3
735;4
736;5
737;6
738;4
739;1
740;11
741;1
742;1
743;1
744;11
745;1
746;1
747;1
748;4
749;10
750;0
751;1
752;2
753;3
754;4
755;5
756;6
757;4
758;10
759;10
760;4
761;10
762;0
763;1
764;2
765;3
766;4
767;5
768;6
769;4
770;1
771;1
772;11
773;1
774;1
775;4
776;8
777;9
778;0
779;1
780;1
781;1
782;4
783;10
784;0
785;1
786;2
787;3
788;4
789;5
790;6
791;1
792;4
793;10
794;0
795;1
796;2
797;3
798;4
799;1
800;4
801;1
802;1
803;1
804;4
805;1
806;1
807;11
808;1
809;1
810;1
811;4
812;10
813;0
814;1
815;2
816;16
817;17
818;4
819;10
820;0
821;1
822;2
823;3
824;4
825;5
826;6
827;4
828;1
829;1
830;11
831;1
832;1
833;0
834;1
835;4
836;14
837;1
838;1
839;15
840;1
841;1
842;4
843;10
844;0
845;1
846;2
847;3
848;4
849;5
850;6
851;4
852;10
853;0
854;1
855;1
856;4
857;10
858;0
859;1
860;2
861;3
862;4
863;5
864;6
865;7
866;1
867;4
868;10
869;0
870;1
871;2
872;3
873;4
874;5
875;6
876;4
877;10
878;0
879;1
880;1
881;4
882;10
883;0
884;1
885;2
886;16
887;17
888;4
889;10
890;0
891;1
892;2
893;3
894;4
895;1
896;4
897;1
898;1
899;1
900;4
901;1
902;1
903;1
904;4
905;10
906;0
907;1
908;2
909;3
910;4
911;1
912;4
913;1
914;1
915;1
916;4
917;1
918;1
919;11
920;1
921;1
922;1
923;4
924;10
925;0
926;1
927;2
928;3
929;4
930;1
931;10
932;1
933;4
934;1
935;1
936;1
937;4
938;10
939;0
940;1
941;2
942;3
943;4
944;5
945;6
946;4
947;1
948;1
949;11
950;1
951;1
952;4
953;8
954;9
955;0
956;1
957;1
958;1
959;4
960;10
961;0
962;1
963;2
964;3
965;4
966;5
967;6
968;4
969;10
970;10
971;4
972;10
973;0
974;1
975;2
976;3
977;4
978;5
979;6
980;4
981;1
982;1
983;11
984;10
985;10
986;4
987;10
988;0
989;1
990;2
991;3
992;4
993;5
994;6
995;1
996;4
997;10
998;0
999;1
1000;2
1001;3
1002;4
1003;5
1004;6
1005;4
1006;1
1007;1
1008;11
1009;10
1010;10
1011;4
1012;10
1013;0
1014;1
1015;2
1016;3
1017;4
1018;5
1019;6
1020;4
1021;1
1022;1
1023;11
1024;1
1025;1
1026;4
1027;8
1028;9
1029;0
1030;1
1031;1
1032;1
1033;4
1034;10
1035;0
1036;1
1037;2
1038;3
1039;4
1040;5
1041;6
1042;4
1043;1
1044;11
1045;1
1046;1
1047;1
1048;11
1049;1
1050;1
1051;1
1052;4
1053;10
1054;0
1055;1
1056;2
1057;3
1058;4
1059;5
1060;6
1061;4
1062;11
1063;1
1064;12
1065;8
1066;4
1067;1
1068;11
1069;1
1070;13
1071;9
1072;4
1073;10
1074;0
1075;1
1076;2
1077;3
1078;4
1079;5
1080;6
1081;4
1082;10
1083;0
1084;1
1085;1
1086;4
1087;10
1088;0
1089;1
1090;2
1091;3
1092;4
1093;5
1094;6
1095;4
1096;1
1097;1
1098;11
1099;10
1100;0
1101;9
1102;9
1103;4
1104;10
1105;0
1106;1
1107;2
1108;3
1109;4
1110;5
1111;6
1112;4
1113;10
1114;10
1115;4
1116;10
1117;0
1118;1
1119;2
1120;3
1121;4
1122;1
1123;4
1124;1
1125;1
1126;1
1127;4
1128;1
1129;1
1130;1
1131;4
1132;10
1133;0
1134;1
1135;2
1136;3
1137;4
1138;5
1139;6
1140;4
1141;10
1142;10
1143;4
1144;10
1145;0
1146;1
1147;2
1148;3
1149;4
1150;5
1151;6
1152;1
1153;4
1154;10
1155;0
1156;1
1157;2
1158;3
1159;4
1160;5
1161;6
1162;1
1163;4
1164;10
1165;0
1166;1
1167;2
1168;3
1169;4
1170;1
1171;4
1172;1
1173;1
1174;1
1175;4
1176;1
1177;1
1178;1
1179;4
1180;10
1181;0
1182;1
1183;2
1184;3
1185;4
1186;5
1187;6
1188;4
1189;1
1190;1
1191;11
1192;1
1193;1
1194;0
1195;1
1196;4
1197;14
1198;1
1199;1
1200;15
1201;1
1202;1
1203;4
1204;10
1205;0
1206;1
1207;2
1208;16
1209;17
1210;4
1211;10
1212;0
1213;1
1214;2
1215;3
1216;4
1217;1
1218;4
1219;1
1220;1
1221;1
1222;4
1223;1
1224;1
1225;11
1226;1
1227;1
1228;1
1229;4
1230;10
1231;0
1232;1
1233;2
1234;3
1235;4
1236;5
1237;6
1238;4
1239;1
1240;11
1241;1
1242;1
1243;1
1244;11
1245;1
1246;1
1247;1
1248;4
1249;10
1250;0
1251;1
1252;2
1253;3
1254;4
1255;5
1256;6
1257;4
1258;1
1259;1
1260;11
1261;1
1262;1
1263;0
1264;1
1265;4
1266;14
1267;1
1268;1
1269;15
1270;1
1271;1
1272;4
1273;10
1274;0
1275;1
1276;2
1277;3
1278;4
1279;5
1280;6
1281;4
1282;10
1283;0
1284;1
1285;1
1286;4
1287;10
1288;0
1289;1
1290;2
1291;3
1292;4
1293;5
1294;6
1295;1
1296;4
1297;10
1298;0
1299;1
1300;2
1301;3
1302;4
1303;5
1304;6
1305;4
1306;1
1307;1
1308;11
1309;1
1310;1
1311;4
1312;8
1313;9
1314;0
1315;1
1316;1
1317;1
1318;4
1319;10
1320;0
1321;1
1322;2
1323;3
1324;4
1325;5
1326;6
1327;4
1328;1
1329;11
1330;1
1331;1
1332;1
1333;11
1334;1
1335;1
1336;1
1337;4
1338;10
1339;0
1340;1
1341;2
1342;3
1343;4
1344;5
1345;6
1346;4
1347;1
1348;1
1349;11
1350;1
1351;1
1352;4
1353;8
1354;9
1355;0
1356;1
1357;1
1358;1
1359;4
1360;10
1361;0
1362;11
1363;1
1364;1
1365;2
1366;3
1367;4
1368;5
1369;6
1370;4
1371;1
1372;1
1373;4
1374;10
1375;0
1376;1
1377;2
1378;3
1379;4
1380;1
1381;4
1382;1
1383;1
1384;1
1385;4
1386;1
1387;1
1388;1
1389;4
1390;10
1391;0
1392;1
1393;2
1394;3
1395;4
1396;5
1397;6
1398;4
1399;11
1400;1
1401;12
1402;8
1403;4
1404;10
1405;1
1406;11
1407;1
1408;13
1409;9
1410;4
1411;10
1412;0
1413;1
1414;2
1415;3
1416;4
1417;5
1418;6
1419;4
1420;10
1421;10
1422;4
1423;10
1424;0
1425;1
1426;2
1427;3
1428;4
1429;5
1430;6
1431;10
1432;1
1433;4
1434;10
1435;0
1436;1
1437;2
1438;3
1439;4
1440;5
1441;6
1442;4
1443;1
1444;11
1445;1
1446;1
1447;1
1448;11
1449;1
1450;1
1451;1
1452;4
1453;10
1454;0
1455;1
1456;2
1457;3
1458;4
1459;5
1460;6
1461;4
1462;10
1463;10
1464;4
1465;10
1466;0
1467;1
1468;2
1469;3
1470;4
1471;5
1472;6
1473;1
1474;4
1475;10
1476;0
1477;1
1478;2
1479;3
1480;4
1481;1
1482;4
1483;1
1484;1
1485;1
1486;4
1487;1
1488;1
1489;1
1490;4
1491;10
1492;0
1493;1
1494;2
1495;3
1496;4
1497;5
1498;6
1499;4
1500;1
1501;1
1502;11
1503;1
1504;1
1505;0
1506;1
1507;4
1508;14
1509;1
1510;1
1511;15
1512;1
1513;1
1514;4
1515;10
1516;0
1517;1
1518;2
1519;3
1520;4
1521;5
1522;6
1523;4
1524;1
1525;1
1526;11
1527;1
1528;1
1529;0
1530;1
1531;4
1532;14
1533;1
1534;1
1535;15
1536;1
1537;1
1538;4
1539;10
1540;0
1541;1
1542;2
1543;3
1544;4
1545;5
1546;6
1547;7
1548;1
1549;4
1550;10
1551;0
1552;1
1553;2
1554;3
1555;4
1556;5
1557;6
1558;1
1559;4
1560;10
1561;0
1562;1
1563;2
1564;3
1565;4
1566;5
1567;6
1568;4
1569;1
1570;11
1571;1
1572;1
1573;1
1574;11
1575;1
1576;1
1577;1
1578;4
1579;10
1580;0
1581;1
1582;2
1583;3
1584;4
1585;1
1586;4
1587;1
1588;1
1589;1
1590;4
1591;1
1592;1
1593;11
1594;1
1595;1
1596;1
1597;4
1598;10
1599;0
1600;1
1601;2
1602;3
1603;4
1604;5
1605;6
1606;4
1607;10
1608;0
1609;1
1610;1
1611;4
1612;10
1613;0
1614;1
1615;2
1616;3
1617;4
1618;5
1619;6
1620;4
1621;1
1622;1
1623;7
1624;4
1625;8
1626;9
1627;1
1628;4
1629;10
1630;0
1631;1
1632;2
1633;3
1634;4
1635;1
1636;4
1637;1
1638;1
1639;1
1640;4
1641;1
1642;1
1643;1
1644;4
1645;10
1646;0
1647;1
1648;2
1649;3
1650;4
1651;5
1652;6
1653;4
1654;11
1655;1
1656;12
1657;8
1658;4
1659;1
1660;11
1661;1
1662;13
1663;9
1664;4
1665;10
1666;0
1667;1
1668;2
1669;3
1670;4
1671;5
1672;6
1673;4
1674;1
1675;1
1676;11
1677;10
1678;0
1679;9
1680;9
1681;4
1682;10
1683;0
1684;1
1685;2
1686;3
1687;4
1688;5
1689;6
1690;4
1691;1
1692;1
1693;7
1694;4
1695;8
1696;9
1697;1
1698;4
1699;10
1700;0
1701;1
1702;2
1703;16
1704;17
1705;4
1706;10
1707;0
1708;1
1709;2
1710;3
1711;4
1712;5
1713;6
1714;4
1715;1
1716;1
1717;11
1718;10
1719;10
1720;4
1721;10
1722;0
1723;1
1724;2
1725;3
1726;4
1727;1
1728;10
1729;1
1730;4
1731;1
1732;1
1733;1
1734;4
1735;10
1736;0
1737;1
1738;2
1739;16
1740;17
1741;4
1742;10
1743;0
1744;1
1745;2
1746;3
1747;4
1748;1
1749;4
1750;1
1751;1
1752;1
1753;4
1754;1
1755;1
1756;1
1757;4
1758;10
1759;0
1760;1
1761;2
1762;3
1763;4
1764;5
1765;6
1766;1
1767;4
1768;10
1769;0
1770;1
1771;2
1772;16
1773;17
1774;4
1775;10
1776;0
1777;1
1778;2
1779;3
1780;4
1781;5
1782;6
1783;4
1784;11
1785;1
1786;12
1787;8
1788;4
1789;1
1790;11
1791;1
1792;13
1793;9
1794;4
1795;10
1796;0
1797;1
1798;2
1799;3
1800;4
1801;1
1802;10
1803;1
1804;4
1805;1
1806;1
1807;1
1808;4
1809;10
1810;0
1811;1
1812;2
1813;3
1814;4
1815;5
1816;6
1817;4
1818;10
1819;0
1820;1
1821;1
1822;4
1823;10
1824;0
1825;1
1826;2
1827;3
1828;4
1829;5
1830;6
1831;10
1832;1
1833;4
1834;10
1835;0
1836;1
1837;2
1838;3
1839;4
1840;5
1841;6
1842;4
1843;1
1844;11
1845;1
1846;1
1847;1
1848;11
1849;1
1850;1
1851;1
1852;4
1853;10
1854;0
1855;1
1856;2
1857;3
1858;4
1859;5
1860;6
1861;4
1862;1
1863;1
1864;11
1865;1
1866;1
1867;0
1868;1
1869;4
1870;14
1871;1
1872;1
1873;15
1874;1
1875;1
1876;4
1877;10
1878;0
1879;1
1880;2
1881;3
1882;4
1883;5
1884;6
1885;4
1886;1
1887;1
1888;7
1889;4
1890;8
1891;9
1892;1
1893;4
1894;10
1895;0
1896;1
1897;2
1898;3
1899;4
1900;5
1901;6
1902;4
1903;1
1904;11
1905;1
1906;1
1907;1
1908;11
1909;1
1910;1
1911;1
1912;4
1913;10
1914;0
1915;1
1916;2
1917;3
1918;4
1919;5
1920;6
1921;4
1922;1
1923;1
1924;11
1925;10
1926;0
1927;9
1928;9
1929;4
1930;10
1931;0
1932;1
1933;2
1934;3
1935;4
1936;5
1937;6
1938;4
1939;1
1940;1
1941;11
1942;10
1943;0
1944;9
1945;9
1946;4
1947;10
1948;0
1949;1
1950;2
1951;3
1952;4
1953;5
1954;6
1955;4
1956;1
1957;1
1958;11
1959;1
1960;1
1961;4
1962;8
1963;9
1964;0
1965;1
1966;1
1967;1
1968;4
1969;10
1970;0
1971;1
1972;2
1973;3
1974;4
1975;5
1976;6
1977;4
1978;1
1979;1
1980;11
1981;1
1982;1
1983;0
1984;1
1985;4
1986;14
1987;1
1988;1
1989;15
1990;1
1991;1
1992;4
1993;10
1994;0
1995;1
1996;2
1997;3
1998;4
1999;5
2000;6
2001;4
2002;11
2003;1
2004;0
2005;8
2006;13
2007;11
2008;4
2009;1
2010;4
2011;1
2012;4
2013;1
2014;4
2015;1
2016;4
2017;10
2018;0
2019;1
2020;2
2021;3
2022;4
2023;5
2024;6
2025;4
2026;10
2027;10
2028;4
2029;10
2030;0
2031;1
2032;2
2033;3
2034;4
2035;5
2036;6
2037;4
2038;1
2039;1
2040;11
2041;10
2042;10
2043;4
2044;10
2045;0
2046;1
2047;2
2048;3
2049;4
2050;5
2051;6
2052;1
2053;4
2054;10
2055;0
2056;1
2057;2
2058;3
2059;4
2060;5
2061;6
2062;1
2063;4
2064;10
2065;0
2066;1
2067;2
2068;3
2069;4
2070;1
2071;4
2072;1
2073;1
2074;1
2075;4
2076;1
2077;1
2078;1
2079;4
2080;10
2081;0
2082;1
2083;2
2084;3
2085;4
2086;5
2087;6
2088;4
2089;10
2090;0
2091;1
2092;1
2093;4
2094;10
2095;0
2096;1
2097;2
2098;3
2099;4
2100;5
2101;6
2102;4
2103;1
2104;11
2105;1
2106;1
2107;1
2108;11
2109;1
2110;1
2111;1
2112;4
2113;10
2114;0
2115;1
2116;2
2117;3
2118;4
2119;5
2120;6
2121;1
2122;4
2123;10
2124;0
2125;1
2126;2
2127;3
2128;4
2129;5
2130;6
2131;4
2132;1
2133;1
2134;11
2135;1
2136;1
2137;4
2138;8
2139;9
2140;0
2141;1
2142;1
2143;1
2144;4
2145;10
2146;0
2147;1
2148;2
2149;3
2150;4
2151;5
2152;6
2153;10
2154;1
2155;4
2156;10
2157;0
2158;1
2159;2
2160;3
2161;4
2162;5
2163;6
2164;4
2165;1
2166;1
2167;11
2168;1
2169;1
2170;0
2171;1
2172;4
2173;14
2174;1
2175;1
2176;15
2177;1
2178;1
2179;4
2180;10
2181;0
2182;1
2183;2
2184;3
2185;4
2186;5
2187;6
2188;4
2189;11
2190;1
2191;0
2192;8
2193;13
2194;11
2195;4
2196;1
2197;4
2198;1
2199;4
2200;1
2201;4
2202;1
2203;4
2204;10
2205;0
2206;1
2207;2
2208;3
2209;4
2210;5
2211;6
2212;4
2213;11
2214;1
2215;12
2216;8
2217;4
2218;10
2219;1
2220;11
2221;1
2222;13
2223;9
2224;4
2225;10
2226;0
2227;1
2228;2
2229;3
2230;4
2231;5
2232;6
2233;4
2234;10
2235;0
2236;1
2237;1
2238;4
2239;10
2240;0
2241;1
2242;2
2243;3
2244;4
2245;5
2246;6
2247;4
2248;1
2249;1
2250;11
2251;10
2252;0
2253;9
2254;9
2255;4
2256;10
2257;0
2258;1
2259;2
2260;3
2261;4
2262;1
2263;10
2264;1
2265;4
2266;1
2267;1
2268;1
2269;4
2270;10
2271;0
2272;11
2273;1
2274;1
2275;2
2276;3
2277;4
2278;5
2279;6
2280;4
2281;1
2282;1
2283;4
2284;10
2285;0
2286;1
2287;2
2288;3
2289;4
2290;5
2291;6
2292;4
2293;10
2294;0
2295;1
2296;1
2297;4
2298;10
2299;0
2300;1
2301;2
2302;3
2303;4
2304;5
2305;6
2306;4
2307;1
2308;1
2309;11
2310;1
2311;1
2312;0
2313;1
2314;4
2315;14
2316;1
2317;1
2318;15
2319;1
2320;1
2321;4
2322;10
2323;0
2324;1
2325;2
2326;3
2327;4
2328;5
2329;6
2330;1
2331;4
2332;10
2333;0
2334;1
2335;2
2336;3
2337;4
2338;5
2339;6
2340;4
2341;1
2342;1
2343;11
2344;1
2345;1
2346;4
2347;8
2348;9
2349;0
2350;1
2351;1
2352;1
2353;4
2354;10
2355;0
2356;1
2357;2
2358;3
2359;4
2360;5
2361;6
2362;4
2363;1
2364;1
2365;11
2366;1
2367;1
2368;0
2369;1
2370;4
2371;14
2372;1
2373;1
2374;15
2375;1
2376;1
2377;4
2378;10
2379;0
2380;1
2381;2
2382;3
2383;4
2384;1
2385;4
2386;1
2387;1
2388;1
2389;4
2390;1
2391;1
2392;1
2393;4
2394;10
2395;0
2396;1
2397;2
2398;3
2399;4
2400;1
2401;4
2402;1
2403;1
2404;1
2405;4
2406;1
2407;1
2408;11
2409;1
2410;1
2411;1
2412;4
2413;10
2414;0
2415;1
2416;2
2417;3
2418;4
2419;1
2420;10
2421;1
2422;4
2423;1
2424;1
2425;1
2426;4
2427;10
2428;0
2429;1
2430;2
2431;3
2432;4
2433;1
2434;10
2435;1
2436;4
2437;1
2438;1
2439;1
2440;4
2441;10
2442;0
2443;1
2444;2
2445;3
2446;4
2447;5
2448;6
2449;4
2450;11
2451;1
2452;12
2453;8
2454;4
2455;1
2456;11
2457;1
2458;13
2459;9
2460;4
2461;10
2462;0
2463;1
2464;2
2465;3
2466;4
2467;5
2468;6
2469;4
2470;1
2471;1
2472;11
2473;1
2474;1
2475;0
2476;1
2477;4
2478;14
2479;1
2480;1
2481;15
2482;1
2483;1
2484;4
2485;10
2486;0
2487;1
2488;2
2489;3
2490;4
2491;1
2492;10
2493;1
2494;4
2495;1
2496;1
2497;1
2498;4
2499;10
2500;0
2501;1
2502;2
2503;16
2504;17
2505;4
2506;10
2507;0
2508;1
2509;2
2510;3
2511;4
2512;1
2513;10
2514;1
2515;4
2516;1
2517;1
2518;1
2519;4
2520;10
2521;0
2522;1
2523;2
2524;3
2525;4
2526;5
2527;6
2528;4
2529;11
2530;1
2531;0
2532;8
2533;13
2534;11
2535;4
2536;1
2537;4
2538;1
2539;4
2540;1
2541;4
2542;1
2543;4
2544;10
2545;0
2546;1
2547;2
2548;3
2549;4
2550;5
2551;6
2552;4
2553;10
2554;10
2555;4
2556;10
2557;0
2558;1
2559;2
2560;3
2561;4
2562;5
2563;6
2564;1
2565;4
2566;10
2567;0
2568;1
2569;2
2570;3
2571;4
2572;5
2573;6
2574;4
2575;11
2576;1
2577;12
2578;8
2579;4
2580;10
2581;1
2582;11
2583;1
2584;13
2585;9
2586;4
2587;10
2588;0
2589;1
2590;2
2591;3
2592;4
2593;5
2594;6
2595;4
2596;1
2597;1
2598;11
2599;1
2600;1
2601;4
2602;8
2603;9
2604;0
2605;1
2606;1
2607;1
2608;4
2609;18
2610;18




